function [x,y1,y2] = Example2()
x=[0 2 4 6 8 10];
y1=[0.65 0.645 0.64 0.586 0.626 0.615];
y2=[82 84 88 95 73 67];
end

